16 0.286302 0.364430 0.146101 0.239724 0.208308 0.018692 0.348509 0.143398
15 0.483872 0.226858 0.389134 0.421176 0.317245 0.310405 0.411983 0.116087
15 0.564720 0.610174 0.446039 0.450700 0.515765 0.286701 0.634446 0.446176
15 0.786009 0.233676 0.714263 0.455065 0.624657 0.363289 0.696403 0.141900
15 0.622794 0.027037 0.602719 0.253408 0.506254 0.226371 0.526329 0.000000
15 0.684994 0.773882 0.590838 0.976364 0.491876 0.830922 0.586032 0.628441
15 0.345167 0.979512 0.303767 0.722985 0.439921 0.653538 0.481321 0.910065
15 0.402385 0.485061 0.309446 0.644787 0.232769 0.503780 0.325707 0.344053
15 0.261790 0.898954 0.124796 0.794538 0.169674 0.608447 0.306668 0.712863
15 0.834888 0.622158 0.707884 0.729509 0.661429 0.555810 0.788434 0.448459
