0.000000000000000,520.000000000000000,566.500000000000000,180.000000000000000,0.000000000000000,-90.000000000000000
0.000026680338055,520.000000000000000,566.500000000000000,180.000000000000000,0.000000000000007,-90.000000000000014
0.000013333333333,520.000000000000909,566.500000000000000,180.000000000000000,0.000000000000000,-90.000000000000000
0.000359999999999,520.000000000648015,566.500000000000000,180.000000000000000,0.000000000000000,-90.000000000000000
0.001666666666590,520.000000013888894,566.500000000000000,180.000000000000000,0.000000000000000,-90.000000000000000
0.004573333331739,520.000000104576884,566.500000000000000,180.000000000000000,0.000000000000000,-90.000000000000000
0.009719999984695,520.000000472392003,566.500000000000000,180.000000000000000,0.000000000000000,-90.000000000000000
0.017746666573513,520.000001574720841,566.500000000000000,180.000000000000000,0.000000000000000,-90.000000000000000
0.029293332914390,520.000004290496918,566.500000000000000,180.000000000000000,0.000000000000000,-90.000000000000000
0.044999998481250,520.000010124999790,566.500000000000000,180.000000000000000,0.000000000000000,-90.000000000000000
0.065506661981714,520.000021455616093,566.500000000000000,180.000000000000000,0.000000000000000,-90.000000000000000
0.091453320585178,520.000041818557975,566.500000000000000,180.000000000000000,0.000000000000000,-90.000000000000000
0.123479968621038,520.000076236542327,566.500000000000000,180.000000000000000,0.000000000000000,-90.000000000000000
0.162226595510028,520.000131587428086,566.500000000000000,180.000000000000000,0.000000000000000,-90.000000000000000
0.208333182629277,520.000217013810357,566.500000000000000,180.000000000000000,0.000000000000000,-90.000000000000000
0.262439698741932,520.000344373570329,566.500000000000000,180.000000000000000,0.000000000000000,-90.000000000000000
0.325186093545154,520.000528731374970,566.500000000000000,180.000000000000000,0.000000000000000,-90.000000000000000
0.397212288805875,520.000788891123648,566.500000000000000,180.000000000000000,0.000000000000000,-90.000000000000000
0.479158166461981,520.001147969331669,566.500000000000000,180.000000000000000,0.000000000000000,-90.000000000000000
0.571663552967512,520.001634009438931,566.500000000000000,180.000000000000000,0.000000000000000,-90.000000000000000
0.675368199054089,520.002280637027980,566.500000000000000,180.000000000000000,0.000000000000000,-90.000000000000000
0.790911753967081,520.003127755927153,566.500000000000000,180.000000000000000,0.000000000000000,-90.000000000000000
0.918933733113994,520.004222285167771,566.500000000000000,180.000000000000000,0.000000000000000,-90.000000000000000
1.060073477934308,520.005618936755354,566.500000000000000,180.000000000000000,0.000000000000000,-90.000000000000000
1.214970106664400,520.007381034198715,566.500000000000000,180.000000000000000,0.000000000000000,-90.000000000000000
1.384262454528391,520.009581371728473,566.500000000000000,180.000000000000000,0.000000000000000,-90.000000000000000
1.568589001735784,520.012303114114957,566.500000000000000,180.000000000000000,0.000000000000000,-90.000000000000000
1.768587787509561,520.015640736973864,566.500000000000000,180.000000000000000,0.000000000000000,-90.000000000000000
1.984896308204188,520.019701007420053,566.500000000000000,180.000000000000000,0.000000000000000,-90.000000000000000
2.218151397401676,520.024604004894286,566.500000000000000,180.000000000000000,0.000000000000000,-90.000000000000000
2.468989085695641,520.030484181953170,566.500000000000000,180.000000000000000,0.000000000000000,-90.000000000000000
2.738044437688273,520.037491464763434,566.500000000000000,180.000000000000000,0.000000000000000,-90.000000000000000
3.025951363533412,520.045792392988687,566.500000000000000,180.000000000000000,0.000000000000000,-90.000000000000000
3.333342402160678,520.055571298696350,566.500000000000000,180.000000000000000,0.000000000000000,-90.000000000000000
3.660848473111079,520.067031523841365,566.500000000000000,180.000000000000000,0.000000000000000,-90.000000000000000
4.009098593703833,520.080396675797601,566.500000000000000,180.000000000000000,0.000000000000000,-90.000000000000000
4.378719558037761,520.095911920322010,566.500000000000000,180.000000000000000,0.000000000000000,-90.000000000000000
4.770335574108691,520.113845311222462,566.500000000000000,180.000000000000000,0.000000000000000,-90.000000000000000
5.184567855097287,520.134489155885831,566.500000000000000,180.000000000000000,0.000000000000000,-90.000000000000000
5.622034160650201,520.158161415684617,566.500000000000000,180.000000000000000,0.000000000000000,-90.000000000000000
6.083348283741699,520.185207140130274,566.500000000000000,180.000000000000000,0.000000000000000,-90.000000000000000
6.569119478463803,520.215999933467970,566.500000000000000,180.000000000000000,0.000000000000000,-90.000000000000000
7.079756688845571,520.250929602192514,566.500000000000000,180.000000000000000,0.000000000000000,-90.000000000000000
7.614813452111563,520.290348430608105,566.500000000000000,180.000000000000000,0.000000000000000,-90.000000000000000
8.173607283639750,520.334599062799953,566.500000000000000,180.000000000000000,0.000000000000000,-90.000000000000000
8.755451126671046,520.384027005863800,566.500000000000000,180.000000000000000,0.000000000000000,-90.000000000000000
9.359653210318355,520.438979054137008,566.500000000000000,180.000000000000000,0.000000000000000,-90.000000000000000
9.985516932187917,520.499801750966412,566.500000000000000,180.000000000000000,0.000000000000000,-90.000000000000000
10.632340772483273,520.566839888808772,566.500000000000000,180.000000000000000,0.000000000000000,-90.000000000000000
11.299418241281934,520.640435048211998,566.500000000000000,180.000000000000000,0.000000000000000,-90.000000000000000
11.986037860411264,520.720924176295853,566.500000000000000,180.000000000000000,0.000000000000000,-90.000000000000000
12.691483181093382,520.808638205416173,566.500000000000000,180.000000000000000,0.000000000000000,-90.000000000000000
13.415032838277041,520.903900712752829,566.500000000000000,180.000000000000000,0.000000000000000,-90.000000000000000
14.155960642328344,521.007026621618934,566.500000000000000,180.000000000000000,0.000000000000000,-90.000000000000000
14.913535708512315,521.118320945329174,566.500000000000000,180.000000000000000,0.000000000000000,-90.000000000000000
15.687022624462665,521.238077574504473,566.500000000000000,180.000000000000000,0.000000000000000,-90.000000000000000
16.475681655609449,521.366578108721114,566.500000000000000,180.000000000000000,0.000000000000000,-90.000000000000000
17.278768988312446,521.504090733429280,566.500000000000000,180.000000000000000,0.000000000000000,-90.000000000000000
18.095537010232977,521.650869143081422,566.500000000000000,180.000000000000000,0.000000000000000,-90.000000000000000
18.925234627269010,521.807151511411917,566.500000000000000,180.000000000000000,0.000000000000000,-90.000000000000000
19.767107616177086,521.973159509803281,566.500000000000000,180.000000000000000,0.000000000000000,-90.000000000000000
20.620399011811131,522.149097374660414,566.500000000000000,180.000000000000000,0.000000000000000,-90.000000000000000
21.484349527722870,522.335151024687320,566.500000000000000,180.000000000000000,0.000000000000000,-90.000000000000000
22.358198008690263,522.531487228930246,566.500000000000000,180.000000000000000,0.000000000000000,-90.000000000000000
23.241181913571733,522.738252826405301,566.500000000000000,180.000000000000000,0.000000000000000,-90.000000000000000
24.132537826723237,522.955573998081832,566.500000000000000,180.000000000000000,0.000000000000000,-90.000000000000000
25.031501996063650,523.183555591929235,566.500000000000000,180.000000000000000,0.000000000000000,-90.000000000000000
25.937310895732040,523.422280501669889,566.500000000000000,180.000000000000000,0.000000000000000,-90.000000000000000
26.849201811148138,523.671809099805841,566.500000000000000,180.000000000000000,0.000000000000000,-90.000000000000000
27.766413444164233,523.932178725403901,566.500000000000000,180.000000000000000,0.000000000000000,-90.000000000000000
28.688186535885094,524.203403227033846,566.500000000000000,180.000000000000000,0.000000000000000,-90.000000000000000
29.613764504630204,524.485472561163192,566.500000000000000,180.000000000000000,0.000000000000000,-90.000000000000000
30.542394096421038,524.778352446206327,566.500000000000000,180.000000000000000,0.000000000000000,-90.000000000000000
31.473326045296979,525.081984072324644,566.500000000000000,180.000000000000000,0.000000000000000,-90.000000000000000
32.405815740691793,525.396283866962563,566.500000000000000,180.000000000000000,0.000000000000000,-90.000000000000000
33.339123899046605,525.721143315990389,566.500000000000000,180.000000000000000,0.000000000000000,-90.000000000000000
34.272517236785816,526.056428840211652,566.500000000000000,180.000000000000000,0.000000000000000,-90.000000000000000
35.205269141748232,526.401981726870531,566.500000000000000,180.000000000000000,0.000000000000000,-90.000000000000000
36.136660340139073,526.757618115679747,566.500000000000000,180.000000000000000,0.000000000000000,-90.000000000000000
37.065979556056256,527.123129038764318,566.500000000000000,180.000000000000000,0.000000000000000,-90.000000000000000
37.992524160640492,527.498280513802683,566.500000000000000,180.000000000000000,0.000000000000000,-90.000000000000000
38.915609353704930,527.882817299757676,566.500000000000000,180.000000000000000,0.000000000000000,-90.000000000000000
39.834820063667429,528.276572728145197,566.500000000000000,180.000000000000000,0.000000000000000,-90.000000000000000
40.750047324819135,528.679500422824049,566.500000000000000,180.000000000000000,0.000000000000000,-90.000000000000000
41.661199615196622,529.091560091360407,566.500000000000000,180.000000000000000,0.000000000000000,-90.000000000000000
42.568185820330143,529.512710528130810,566.500000000000000,180.000000000000000,0.000000000000000,-90.000000000000000
43.470915242354998,529.942909618442627,566.500000000000000,180.000000000000000,0.000000000000000,-90.000000000000000
44.369297609081258,530.382114342745353,566.500000000000000,180.000000000000000,0.000000000000000,-90.000000000000000
45.263243083020896,530.830280780932299,566.500000000000000,180.000000000000000,0.000000000000000,-90.000000000000000
46.152662270371501,531.287364116733443,566.500000000000000,180.000000000000000,0.000000000000000,-90.000000000000000
47.037466229955463,531.753318642195950,566.500000000000000,180.000000000000000,0.000000000000000,-90.000000000000000
47.917566482114204,532.228097762255516,566.500000000000000,180.000000000000000,0.000000000000000,-90.000000000000000
48.792875017555900,532.711653999395935,566.500000000000000,180.000000000000000,0.000000000000000,-90.000000000000000
49.663304306156419,533.203938998396325,566.500000000000000,180.000000000000000,0.000000000000000,-90.000000000000000
50.528767305712286,533.704903531167020,566.500000000000000,180.000000000000000,0.000000000000000,-90.000000000000000
51.389177470644768,534.214497501672327,566.500000000000000,180.000000000000000,0.000000000000000,-90.000000000000000
52.244448760654329,534.732669950939794,566.500000000000000,180.000000000000000,0.000000000000000,-90.000000000000000
53.094495649324728,535.259369062156225,566.500000000000000,180.000000000000000,0.000000000000000,-90.000000000000000
53.939233132675454,535.794542165849521,566.500000000000000,180.000000000000000,0.000000000000000,-90.000000000000000
54.778576737662135,536.338135745155341,566.500000000000000,180.000000000000000,0.000000000000000,-90.000000000000000
55.612442530623710,536.890095441168569,566.500000000000000,180.000000000000000,0.000000000000000,-90.000000000000000
56.440747125675749,537.450366058379586,566.500000000000000,180.000000000000000,0.000000000000000,-90.000000000000000
57.263407693049039,538.018891570193773,566.500000000000000,180.000000000000000,0.000000000000000,-90.000000000000000
58.080341967372377,538.595615124533424,566.500000000000000,180.000000000000000,0.000000000000000,-90.000000000000000
58.891468255899092,539.180479049524024,566.500000000000000,180.000000000000000,0.000000000000000,-90.000000000000000
59.696705446676276,539.773424859260217,566.500000000000000,180.000000000000000,0.000000000000000,-90.000000000000000
60.495973016655888,540.374393259655221,566.500000000000000,180.000000000000000,0.000000000000000,-90.000000000000000
61.289191039746981,540.983324154369825,566.500000000000000,180.000000000000000,0.000000000000000,-90.000000000000000
62.076280194808241,541.600156650821987,566.500000000000000,180.000000000000000,0.000000000000000,-90.000000000000000
62.857161773580081,542.224829066276016,566.500000000000000,180.000000000000000,0.000000000000000,-90.000000000000000
63.631757688555368,542.857278934011106,566.500000000000000,180.000000000000000,0.000000000000000,-90.000000000000000
64.399990480788077,543.497443009567291,566.500000000000000,180.000000000000000,0.000000000000000,-90.000000000000000
65.161783327639199,544.145257277070641,566.500000000000000,180.000000000000000,0.000000000000000,-90.000000000000000
65.917060050458858,544.800656955634281,566.500000000000000,180.000000000000000,0.000000000000000,-90.000000000000000
66.665745122204171,545.463576505836386,566.500000000000000,180.000000000000000,0.000000000000000,-90.000000000000000
67.407763674991855,546.133949636274338,566.500000000000000,180.000000000000000,0.000000000000000,-90.000000000000000
68.143041507584996,546.811709310193919,566.500000000000000,180.000000000000000,0.000000000000000,-90.000000000000000
68.871505092813052,547.496787752192517,566.500000000000000,180.000000000000000,0.000000000000000,-90.000000000000000
69.593081584924562,548.189116454996679,566.500000000000000,180.000000000000000,0.000000000000000,-90.000000000000000
70.307698826871629,548.888626186313104,566.500000000000000,180.000000000000000,0.000000000000000,-90.000000000000000
71.015285357525556,549.595246995751609,566.500000000000000,180.000000000000000,0.000000000000000,-90.000000000000000
71.715770418822927,550.308908221820161,566.500000000000000,180.000000000000000,0.000000000000000,-90.000000000000000
72.409083962841379,551.029538498990860,566.500000000000000,180.000000000000000,0.000000000000000,-90.000000000000000
73.095156658804243,551.757065764836398,566.500000000000000,180.000000000000000,0.000000000000000,-90.000000000000000
73.773919900013638,552.491417267236557,566.500000000000000,180.000000000000000,0.000000000000000,-90.000000000000000
74.445305810711119,553.232519571653029,566.500000000000000,180.000000000000000,0.000000000000000,-90.000000000000000
75.109247252865046,553.980298568472904,566.500000000000000,180.000000000000000,0.000000000000000,-90.000000000000000
75.765677832884549,554.734679480419686,566.500000000000000,180.000000000000000,0.000000000000000,-90.000000000000000
76.414531908258596,555.495586870030934,566.500000000000000,180.000000000000000,0.000000000000000,-90.000000000000000
77.055744594120384,556.262944647201607,566.500000000000000,180.000000000000000,0.000000000000000,-90.000000000000000
77.689251769735662,557.036676076793583,566.500000000000000,180.000000000000000,0.000000000000000,-90.000000000000000
78.314990084914811,557.816703786308494,566.500000000000000,180.000000000000000,0.000000000000000,-90.000000000000000
78.932896966347727,558.602949773625710,566.500000000000000,180.000000000000000,0.000000000000000,-90.000000000000000
79.542910623861218,559.395335414801366,566.500000000000000,180.000000000000000,0.000000000000000,-90.000000000000000
80.144970056597856,560.193781471931970,566.500000000000000,180.000000000000000,0.000000000000000,-90.000000000000000
80.739015059116085,560.998208101076898,566.500000000000000,180.000000000000000,0.000000000000000,-90.000000000000000
81.324986227410690,561.808534860243753,566.500000000000000,180.000000000000000,0.000000000000000,-90.000000000000000
81.902824964853153,562.624680717431943,566.500000000000000,180.000000000000000,0.000000000000000,-90.000000000000000
82.472473488051250,563.446564058735703,566.500000000000000,180.000000000000000,0.000000000000000,-90.000000000000000
83.033874832627376,564.274102696505906,566.500000000000000,180.000000000000000,0.000000000000000,-90.000000000000000
83.586972858914905,565.107213877568370,566.500000000000000,180.000000000000000,0.000000000000000,-90.000000000000000
84.131712257572119,565.945814291499232,566.500000000000000,180.000000000000000,0.000000000000000,-90.000000000000000
84.668038555113100,566.789820078955927,566.500000000000000,180.000000000000000,0.000000000000000,-90.000000000000000
85.195898119355036,567.639146840063063,566.500000000000000,180.000000000000000,0.000000000000000,-90.000000000000000
85.715238164781411,568.493709642852309,566.500000000000000,180.000000000000000,0.000000000000000,-90.000000000000000
86.226006757820386,569.353423031755483,566.500000000000000,180.000000000000000,0.000000000000000,-90.000000000000000
86.728152822038368,570.218201036150163,566.500000000000000,180.000000000000000,0.000000000000000,-90.000000000000000
87.221626143247363,571.087957178956572,566.500000000000000,180.000000000000000,0.000000000000000,-90.000000000000000
87.706377374526483,571.962604485285169,566.500000000000000,180.000000000000000,0.000000000000000,-90.000000000000000
88.182358041156562,572.842055491134147,566.500000000000000,180.000000000000000,0.000000000000000,-90.000000000000000
88.649520545467581,573.726222252135926,566.500000000000000,180.000000000000000,0.000000000000000,-90.000000000000000
89.107818171598382,574.615016352351063,566.500000000000000,180.000000000000000,0.000000000000000,-90.000000000000000
89.557205090168310,575.508348913110353,566.500000000000000,180.000000000000000,0.000000000000000,-90.000000000000000
89.997636362859964,576.406130601901964,566.500000000000000,180.000000000000000,0.000000000000000,-90.000000000000000
90.429067946913136,577.308271641305396,566.500000000000000,180.000000000000000,0.000000000000000,-90.000000000000000
90.851456699528896,578.214681817968312,566.500000000000000,180.000000000000000,0.000000000000000,-90.000000000000000
91.264760382184008,579.125270491628498,566.500000000000000,180.000000000000000,0.000000000000000,-90.000000000000000
91.668937664854624,580.039946604177317,566.500000000000000,180.000000000000000,0.000000000000000,-90.000000000000000
92.063948130149271,580.958618688765796,566.500000000000000,180.000000000000000,0.000000000000000,-90.000000000000000
92.449752277350612,581.881194878951078,566.500000000000000,180.000000000000000,0.000000000000000,-90.000000000000000
92.826311526365402,582.807582917882769,566.500000000000000,180.000000000000000,0.000000000000000,-90.000000000000000
93.193588221582573,583.737690167529195,566.500000000000000,180.000000000000000,0.000000000000000,-90.000000000000000
93.551545635638647,584.671423617940377,566.500000000000000,180.000000000000000,0.000000000000000,-90.000000000000000
93.900147973090526,585.608689896549322,566.500000000000000,180.000000000000000,0.000000000000000,-90.000000000000000
94.239360373994941,586.549395277509348,566.500000000000000,180.000000000000000,0.000000000000000,-90.000000000000000
94.569148917394514,587.493445691066199,566.500000000000000,180.000000000000000,0.000000000000000,-90.000000000000000
94.889480624709691,588.440746732965295,566.500000000000000,180.000000000000000,0.000000000000000,-90.000000000000000
95.200323463036710,589.391203673891710,566.500000000000000,180.000000000000000,0.000000000000000,-90.000000000000000
95.501646348350761,590.344721468943476,566.500000000000000,180.000000000000000,0.000000000000000,-90.000000000000000
95.793419148614419,591.301204767135687,566.500000000000000,180.000000000000000,0.000000000000000,-90.000000000000000
96.075612686790805,592.260557920935753,566.500000000000000,180.000000000000000,0.000000000000000,-90.000000000000000
96.348198743761245,593.222684995827422,566.500000000000000,180.000000000000000,0.000000000000000,-90.000000000000000
96.611150061147214,594.187489779905263,566.500000000000000,180.000000000000000,0.000000000000000,-90.000000000000000
96.864440344036083,595.154875793494739,566.500000000000000,180.000000000000000,0.000000000000000,-90.000000000000000
97.108044263610665,596.124746298800687,566.500000000000000,180.000000000000000,0.000000000000000,-90.000000000000000
97.341937459681958,597.097004309580711,566.500000000000000,180.000000000000000,0.000000000000000,-90.000000000000000
97.566096543125312,598.071552600844029,566.500000000000000,180.000000000000000,0.000000000000000,-90.000000000000000
97.780499098219167,599.048293718573632,566.500000000000000,180.000000000000000,0.000000000000000,-90.000000000000000
97.985123684886659,600.027129989471632,566.500000000000000,180.000000000000000,0.000000000000000,-90.000000000000000
98.179949840839683,601.007963530726784,566.500000000000000,180.000000000000000,0.000000000000000,-90.000000000000000
98.364958083624970,601.990696259802235,566.500000000000000,180.000000000000000,0.000000000000000,-90.000000000000000
98.540129912572411,602.975229904243861,566.500000000000000,180.000000000000000,0.000000000000000,-90.000000000000000
98.705447810645097,603.961466011507923,566.500000000000000,180.000000000000000,0.000000000000000,-90.000000000000000
98.860895246190992,604.949305958805326,566.500000000000000,180.000000000000000,0.000000000000000,-90.000000000000000
99.006456674596066,605.938650962964743,566.500000000000000,180.000000000000000,0.000000000000000,-90.000000000000000
99.142117539838779,606.929402090310077,566.500000000000000,180.000000000000000,0.000000000000000,-90.000000000000000
99.267864275945684,607.921460266554277,566.500000000000000,180.000000000000000,0.000000000000000,-90.000000000000000
99.383684308347924,608.914726286706355,566.500000000000000,180.000000000000000,0.000000000000000,-90.000000000000000
99.489566055138795,609.909100824992038,566.500000000000000,180.000000000000000,0.000000000000000,-90.000000000000000
99.585498928231843,610.904484444786249,566.500000000000000,180.000000000000000,0.000000000000000,-90.000000000000000
99.671473334419701,611.900777608556382,566.500000000000000,180.000000000000000,0.000000000000000,-90.000000000000000
99.747480676333410,612.897880687816269,566.500000000000000,180.000000000000000,0.000000000000000,-90.000000000000000
99.813513353302113,613.895693973089124,566.500000000000000,180.000000000000000,0.000000000000000,-90.000000000000000
99.869564762113129,614.894117683877653,566.500000000000000,180.000000000000000,0.000000000000000,-90.000000000000000
99.915629297672297,615.893051978642916,566.500000000000000,180.000000000000000,0.000000000000000,-90.000000000000000
99.951702353564443,616.892396964787849,566.500000000000000,180.000000000000000,0.000000000000000,-90.000000000000000
99.977780322514036,617.892052708646588,566.500000000000000,180.000000000000000,0.000000000000000,-90.000000000000000
99.993860596745932,618.891919245477993,566.500000000000000,180.000000000000000,0.000000000000000,-90.000000000000000
99.999941568246072,619.891896589461339,566.500000000000000,180.000000000000000,0.000000000000000,-90.000000000000000
99.996022628922404,620.891884743695641,566.500000000000000,180.000000000000000,0.000000000000000,-90.000000000000000
99.982104170665593,621.891783710198865,566.500000000000000,180.000000000000000,0.000000000000000,-90.000000000000000
99.958187585309858,622.891493499907597,566.500000000000000,180.000000000000000,0.000000000000000,-90.000000000000000
99.924275264493787,623.890914142675797,566.500000000000000,180.000000000000000,0.000000000000000,-90.000000000000000
99.880370599421227,624.889945697272196,566.500000000000000,180.000000000000000,0.000000000000000,-90.000000000000000
99.826477980522100,625.888488261373823,566.500000000000000,180.000000000000000,0.000000000000000,-90.000000000000000
99.762602797013358,626.886441981556345,566.500000000000000,180.000000000000000,0.000000000000000,-90.000000000000000
99.688751436360150,627.883707063279530,566.500000000000000,180.000000000000000,0.000000000000000,-90.000000000000000
99.604931283636986,628.880183780865991,566.500000000000000,180.000000000000000,0.000000000000000,-90.000000000000000
99.511150720789288,629.875772487474478,566.500000000000000,180.000000000000000,0.000000000000000,-90.000000000000000
99.407419125795187,630.870373625063962,566.500000000000000,180.000000000000000,0.000000000000000,-90.000000000000000
99.293746871727762,631.863887734349646,566.500000000000000,180.000000000000000,0.000000000000000,-90.000000000000000
99.170145325717669,632.856215464748402,566.500000000000000,180.000000000000000,0.000000000000000,-90.000000000000000
99.036626847816521,633.847257584314207,566.500000000000000,180.000000000000000,0.000000000000000,-90.000000000000000
98.893204789760844,634.836914989660841,566.500000000000000,180.000000000000000,0.000000000000000,-90.000000000000000
98.739893493636913,635.825088715872653,566.500000000000000,180.000000000000000,0.000000000000000,-90.000000000000000
98.576708290446589,636.811679946400318,566.500000000000000,180.000000000000000,0.000000000000000,-90.000000000000000
98.403665498574199,637.796590022943064,566.500000000000000,180.000000000000000,0.000000000000000,-90.000000000000000
98.220782422154741,638.779720455313964,566.500000000000000,180.000000000000000,0.000000000000000,-90.000000000000000
98.028077349343434,639.760972931289075,566.500000000000000,180.000000000000000,0.000000000000000,-90.000000000000000
97.825569550487003,640.740249326438516,566.500000000000000,180.000000000000000,0.000000000000000,-90.000000000000000
97.613279276196536,641.717451713938658,566.500000000000000,180.000000000000000,0.000000000000000,-90.000000000000000
97.391227755322589,642.692482374365341,566.500000000000000,180.000000000000000,0.000000000000000,-90.000000000000000
97.159437192832215,643.665243805464911,566.500000000000000,180.000000000000000,0.000000000000000,-90.000000000000000
96.917930767588459,644.635638731904805,566.500000000000000,180.000000000000000,0.000000000000000,-90.000000000000000
96.666732630032627,645.603570115001276,566.500000000000000,180.000000000000000,0.000000000000000,-90.000000000000000
96.405867899769135,646.568941162422448,566.500000000000000,180.000000000000000,0.000000000000000,-90.000000000000000
96.135362663053613,647.531655337867960,566.500000000000000,180.000000000000000,0.000000000000000,-90.000000000000000
95.855243970184333,648.491616370722795,566.500000000000000,180.000000000000000,0.000000000000000,-90.000000000000000
95.565539832797128,649.448728265683485,566.500000000000000,180.000000000000000,0.000000000000000,-90.000000000000000
95.266279221064337,650.402895312358055,566.500000000000000,180.000000000000000,0.000000000000000,-90.000000000000000
94.957492060797733,651.354022094837092,566.500000000000000,180.000000000000000,0.000000000000000,-90.000000000000000
94.639209230456032,652.302013501234910,566.500000000000000,180.000000000000000,0.000000000000000,-90.000000000000000
94.311462558057045,653.246774733200937,566.500000000000000,180.000000000000000,0.000000000000000,-90.000000000000000
93.974284817994857,654.188211315399030,566.500000000000000,180.000000000000000,0.000000000000000,-90.000000000000000
93.627709727762522,655.126229104955769,566.500000000000000,180.000000000000000,0.000000000000000,-90.000000000000000
93.271771944580223,656.060734300873833,566.500000000000000,180.000000000000000,0.000000000000000,-90.000000000000000
92.906507061929688,656.991633453412305,566.500000000000000,180.000000000000000,0.000000000000000,-90.000000000000000
92.531951605994806,657.918833473431619,566.500000000000000,180.000000000000000,0.000000000000000,-90.000000000000000
92.148143032009017,658.842241641702458,566.500000000000000,180.000000000000000,0.000000000000000,-90.000000000000000
91.755119720509910,659.761765618177606,566.500000000000000,180.000000000000000,0.000000000000000,-90.000000000000000
91.352920973501071,660.677313451225700,566.500000000000000,180.000000000000000,0.000000000000000,-90.000000000000000
90.941587010522070,661.588793586826228,566.500000000000000,180.000000000000000,0.000000000000000,-90.000000000000000
90.521158964626423,662.496114877725404,566.500000000000000,180.000000000000000,0.000000000000000,-90.000000000000000
90.091678878268368,663.399186592549995,566.500000000000000,180.000000000000000,0.000000000000000,-90.000000000000000
89.653189699098618,664.297918424881345,566.500000000000000,180.000000000000000,0.000000000000000,-90.000000000000000
89.205735275669724,665.192220502284840,566.500000000000000,180.000000000000000,0.000000000000000,-90.000000000000000
88.749360353051102,666.082003395298216,566.500000000000000,180.000000000000000,0.000000000000000,-90.000000000000000
88.284110568354748,666.967178126373710,566.500000000000000,180.000000000000000,0.000000000000000,-90.000000000000000
87.810032446171391,667.847656178775651,566.500000000000000,180.000000000000000,0.000000000000000,-90.000000000000000
87.327173393918230,668.723349505432680,566.500000000000000,180.000000000000000,0.000000000000000,-90.000000000000000
86.835581697098036,669.594170537741775,566.500000000000000,180.000000000000000,0.000000000000000,-90.000000000000000
86.335306514470901,670.460032194325436,566.500000000000000,180.000000000000000,0.000000000000000,-90.000000000000000
85.826397873138234,671.320847889739412,566.500000000000000,180.000000000000000,0.000000000000000,-90.000000000000000
85.308906663539986,672.176531543131773,566.500000000000000,180.000000000000000,0.000000000000000,-90.000000000000000
84.782884634365928,673.026997586850030,566.500000000000000,180.000000000000000,0.000000000000000,-90.000000000000000
84.248384387380597,673.872160974998678,566.500000000000000,180.000000000000000,0.000000000000000,-90.000000000000000
83.705459372163276,674.711937191943093,566.500000000000000,180.000000000000000,0.000000000000000,-90.000000000000000
83.154163880763065,675.546242260761460,566.500000000000000,180.000000000000000,0.000000000000000,-90.000000000000000
82.594553042269681,676.374992751642139,566.500000000000000,180.000000000000000,0.000000000000000,-90.000000000000000
82.026682817300639,677.198105790226577,566.500000000000000,180.000000000000000,0.000000000000000,-90.000000000000000
81.450609992405205,678.015499065897075,566.500000000000000,180.000000000000000,0.000000000000000,-90.000000000000000
80.866392174385808,678.827090840006917,566.500000000000000,180.000000000000000,0.000000000000000,-90.000000000000000
80.274087784537429,679.632799954055258,566.500000000000000,180.000000000000000,0.000000000000000,-90.000000000000000
79.673756052805444,680.432545837802081,566.500000000000000,180.000000000000000,0.000000000000000,-90.000000000000000
79.065457011862748,681.226248517325303,566.500000000000000,180.000000000000000,0.000000000000000,-90.000000000000000
78.449251491106537,682.013828623018526,566.500000000000000,180.000000000000000,0.000000000000000,-90.000000000000000
77.825201110575364,682.795207397527520,566.500000000000000,180.000000000000000,0.000000000000000,-90.000000000000000
77.193368274787261,683.570306703625874,566.500000000000000,180.000000000000000,0.000000000000000,-90.000000000000000
76.553816166499260,684.339049032029038,566.500000000000000,180.000000000000000,0.000000000000000,-90.000000000000000
75.906608740389274,685.101357509144577,566.500000000000000,180.000000000000000,0.000000000000000,-90.000000000000000
75.251810716660515,685.857155904760248,566.500000000000000,180.000000000000000,0.000000000000000,-90.000000000000000
74.589487574569745,686.606368639666130,566.500000000000000,180.000000000000000,0.000000000000000,-90.000000000000000
73.919705545879211,687.348920793213210,566.500000000000000,180.000000000000000,0.000000000000000,-90.000000000000000
73.242531608233634,688.084738110804892,566.500000000000000,180.000000000000000,0.000000000000000,-90.000000000000000
72.558033478462491,688.813747011322675,566.500000000000000,180.000000000000000,0.000000000000000,-90.000000000000000
71.866279605808330,689.535874594483857,566.500000000000000,180.000000000000000,0.000000000000000,-90.000000000000000
71.167339165081941,690.251048648131928,566.500000000000000,180.000000000000000,0.000000000000000,-90.000000000000000
70.461282049744980,690.959197655457501,566.500000000000000,180.000000000000000,0.000000000000000,-90.000000000000000
69.748178864920575,691.660250802150017,566.500000000000000,180.000000000000000,0.000000000000000,-90.000000000000000
69.028100920332975,692.354137983479063,566.500000000000000,180.000000000000000,0.000000000000000,-90.000000000000000
68.301120223176554,693.040789811304649,566.500000000000000,180.000000000000000,0.000000000000000,-90.000000000000000
67.567309470915234,693.720137621016192,566.500000000000000,180.000000000000000,0.000000000000000,-90.000000000000000
66.826742044012732,694.392113478398869,566.500000000000000,180.000000000000000,0.000000000000000,-90.000000000000000
66.079491998594591,695.056650186426964,566.500000000000000,180.000000000000000,0.000000000000000,-90.000000000000000
65.325634059042656,695.713681291983448,566.500000000000000,180.000000000000000,0.000000000000000,-90.000000000000000
64.565243610522671,696.363141092505202,566.500000000000000,180.000000000000000,0.000000000000000,-90.000000000000000
63.798396691445816,697.004964642553546,566.500000000000000,180.000000000000000,0.000000000000000,-90.000000000000000
63.025169985864970,697.639087760308144,566.500000000000000,180.000000000000000,0.000000000000000,-90.000000000000000
62.245640815806347,698.265447033985765,566.500000000000000,180.000000000000000,0.000000000000000,-90.000000000000000
61.459887133537329,698.883979828180941,566.500000000000000,180.000000000000000,0.000000000000000,-90.000000000000000
60.667987513771372,699.494624290129650,566.500000000000000,180.000000000000000,0.000000000000000,-90.000000000000000
59.870021145810512,700.097319355894797,566.500000000000000,180.000000000000000,0.000000000000000,-90.000000000000000
59.066067825626611,700.692004756471874,566.500000000000000,180.000000000000000,0.000000000000000,-90.000000000000000
58.256207947881691,701.278621023816413,566.500000000000000,180.000000000000000,0.000000000000000,-90.000000000000000
57.440522497888665,701.857109496790486,566.500000000000000,180.000000000000000,0.000000000000000,-90.000000000000000
56.619093043512805,702.427412327028946,566.500000000000000,180.000000000000000,0.000000000000000,-90.000000000000000
55.792001727015005,702.989472484723933,566.500000000000000,180.000000000000000,0.000000000000000,-90.000000000000000
54.959331256837686,703.543233764328193,566.500000000000000,180.000000000000000,0.000000000000000,-90.000000000000000
54.121164899333941,704.088640790175077,566.500000000000000,180.000000000000000,0.000000000000000,-90.000000000000000
53.277586470441108,704.625639022016685,566.500000000000000,180.000000000000000,0.000000000000000,-90.000000000000000
52.428680327299084,705.154174760477190,566.500000000000000,180.000000000000000,0.000000000000000,-90.000000000000000
51.574531359814792,705.674195152423067,566.500000000000000,180.000000000000000,0.000000000000000,-90.000000000000000
50.715224982173112,706.185648196248849,566.500000000000000,180.000000000000000,0.000000000000000,-90.000000000000000
49.850847124295761,706.688482747076023,566.500000000000000,180.000000000000000,0.000000000000000,-90.000000000000000
48.981484223248216,707.182648521868714,566.500000000000000,180.000000000000000,0.000000000000000,-90.000000000000000
48.107223214596118,707.668096104461029,566.500000000000000,180.000000000000000,0.000000000000000,-90.000000000000000
47.228151523711773,708.144776950499590,566.500000000000000,180.000000000000000,0.000000000000000,-90.000000000000000
46.344357057031729,708.612643392296718,566.500000000000000,180.000000000000000,0.000000000000000,-90.000000000000000
45.455928193266146,709.071648643598337,566.500000000000000,180.000000000000000,0.000000000000000,-90.000000000000000
44.562953774561052,709.521746804261625,566.500000000000000,180.000000000000000,0.000000000000000,-90.000000000000000
43.665523097614177,709.962892864845799,566.500000000000000,180.000000000000000,0.000000000000000,-90.000000000000000
42.763725904745357,710.395042711112296,566.500000000000000,180.000000000000000,0.000000000000000,-90.000000000000000
41.857652374922338,710.818153128436620,566.500000000000000,180.000000000000000,0.000000000000000,-90.000000000000000
40.947393114743122,711.232181806129574,566.500000000000000,180.000000000000000,0.000000000000000,-90.000000000000000
40.033039149375163,711.637087341668575,566.500000000000000,180.000000000000000,0.000000000000000,-90.000000000000000
39.114681913453012,712.032829244837330,566.500000000000000,180.000000000000000,0.000000000000000,-90.000000000000000
38.192413241934972,712.419367941775477,566.500000000000000,180.000000000000000,0.000000000000000,-90.000000000000000
37.266325360919694,712.796664778935224,566.500000000000000,180.000000000000000,0.000000000000000,-90.000000000000000
36.336510878423454,713.164682026947389,566.500000000000000,180.000000000000000,0.000000000000000,-90.000000000000000
35.403062775119686,713.523382884393868,566.500000000000000,180.000000000000000,0.000000000000000,-90.000000000000000
34.466074395040870,713.872731481487790,566.500000000000000,180.000000000000000,0.000000000000000,-90.000000000000000
33.525639436244177,714.212692883660566,566.500000000000000,180.000000000000000,0.000000000000000,-90.000000000000000
32.581851941441805,714.543233095055371,566.500000000000000,180.000000000000000,0.000000000000000,-90.000000000000000
31.634806288596739,714.864319061926381,566.500000000000000,180.000000000000000,0.000000000000000,-90.000000000000000
30.684597181485067,715.175918675944445,566.500000000000000,180.000000000000000,0.000000000000000,-90.000000000000000
29.731319640225657,715.478000777408056,566.500000000000000,180.000000000000000,0.000000000000000,-90.000000000000000
28.775068991778248,715.770535158358598,566.500000000000000,180.000000000000000,0.000000000000000,-90.000000000000000
27.815940860410798,716.053492565601800,566.500000000000000,180.000000000000000,0.000000000000000,-90.000000000000000
26.854031158137143,716.326844703632901,566.500000000000000,180.000000000000000,0.000000000000000,-90.000000000000000
25.889436075126003,716.590564237465628,566.500000000000000,180.000000000000000,0.000000000000000,-90.000000000000000
24.922252070081807,716.844624795366371,566.500000000000000,180.000000000000000,0.000000000000000,-90.000000000000000
23.952575860599080,717.089000971491373,566.500000000000000,180.000000000000000,0.000000000000000,-90.000000000000000
22.980504413490703,717.323668328426265,566.500000000000000,180.000000000000000,0.000000000000000,-90.000000000000000
22.006134935091378,717.548603399631247,566.500000000000000,180.000000000000000,0.000000000000000,-90.000000000000000
21.029564861536890,717.763783691786443,566.500000000000000,180.000000000000000,0.000000000000000,-90.000000000000000
20.050891849020825,717.969187687041995,566.500000000000000,180.000000000000000,0.000000000000000,-90.000000000000000
19.070213764028878,718.164794845169581,566.500000000000000,180.000000000000000,0.000000000000000,-90.000000000000000
18.087628673552324,718.350585605616402,566.500000000000000,180.000000000000000,0.000000000000000,-90.000000000000000
17.103234835281384,718.526541389461272,566.500000000000000,180.000000000000000,0.000000000000000,-90.000000000000000
16.117130687779564,718.692644601272264,566.500000000000000,180.000000000000000,0.000000000000000,-90.000000000000000
15.129414840639868,718.848878630866693,566.500000000000000,180.000000000000000,0.000000000000000,-90.000000000000000
14.140186064623911,718.995227854971972,566.500000000000000,180.000000000000000,0.000000000000000,-90.000000000000000
13.149543281784942,719.131677638787437,566.500000000000000,180.000000000000000,0.000000000000000,-90.000000000000000
12.157585555575709,719.258214337448408,566.500000000000000,180.000000000000000,0.000000000000000,-90.000000000000000
11.164412080942206,719.374825297390657,566.500000000000000,180.000000000000000,0.000000000000000,-90.000000000000000
10.170122174404256,719.481498857615179,566.500000000000000,180.000000000000000,0.000000000000000,-90.000000000000000
9.174815264123984,719.578224350854953,566.500000000000000,180.000000000000000,0.000000000000000,-90.000000000000000
8.178590879962908,719.664992104641215,566.500000000000000,180.000000000000000,0.000000000000000,-90.000000000000000
7.181548643529218,719.741793442270819,566.500000000000000,180.000000000000000,0.000000000000000,-90.000000000000000
6.183788258215912,719.808620683674121,566.500000000000000,180.000000000000000,0.000000000000000,-90.000000000000000
5.185409499229879,719.865467146182709,566.500000000000000,180.000000000000000,0.000000000000000,-90.000000000000000
4.186512203615083,719.912327145197537,566.500000000000000,180.000000000000000,0.000000000000000,-90.000000000000000
3.187196260268676,719.949195994757929,566.500000000000000,180.000000000000000,0.000000000000000,-90.000000000000000
2.187561599952229,719.976070008009515,566.500000000000000,180.000000000000000,0.000000000000000,-90.000000000000000
1.187708185298749,719.992946497573371,566.500000000000000,180.000000000000000,0.000000000000000,-90.000000000000000
0.187736000816493,719.999823775814775,566.500000000000000,180.000000000000000,0.000000000000000,-90.000000000000000
-0.812254957109399,719.996701155011351,566.500000000000000,180.000000000000000,0.000000000000000,-90.000000000000000
-1.812164690216456,719.983578947422870,566.500000000000000,180.000000000000000,0.000000000000000,-90.000000000000000
-2.811893208364625,719.960458465258853,566.500000000000000,180.000000000000000,0.000000000000000,-90.000000000000000
-3.811340539535193,719.927342020548622,566.500000000000000,180.000000000000000,0.000000000000000,-90.000000000000000
-4.810406739827915,719.884232924908702,566.500000000000000,180.000000000000000,0.000000000000000,-90.000000000000000
-5.808991903455312,719.831135489212897,566.500000000000000,180.000000000000000,0.000000000000000,-90.000000000000000
-6.806996172733131,719.768055023160514,566.500000000000000,180.000000000000000,0.000000000000000,-90.000000000000000
-7.804319748066199,719.694997834745664,566.500000000000000,180.000000000000000,0.000000000000000,-90.000000000000000
-8.800862897928125,719.611971229626192,566.500000000000000,180.000000000000000,0.000000000000000,-90.000000000000000
-9.796525968834157,719.518983510393468,566.500000000000000,180.000000000000000,0.000000000000000,-90.000000000000000
-10.791209395307092,719.416043975741786,566.500000000000000,180.000000000000000,0.000000000000000,-90.000000000000000
-11.784813709833141,719.303162919539091,566.500000000000000,180.000000000000000,0.000000000000000,-90.000000000000000
-12.777239552808856,719.180351629796860,566.500000000000000,180.000000000000000,0.000000000000000,-90.000000000000000
-13.768387682476952,719.047622387541537,566.500000000000000,180.000000000000000,0.000000000000000,-90.000000000000000
-14.758158984850416,718.904988465586939,566.500000000000000,180.000000000000000,0.000000000000000,-90.000000000000000
-15.746454483623824,718.752464127206281,566.500000000000000,180.000000000000000,0.000000000000000,-90.000000000000000
-16.733175350070869,718.590064624706429,566.500000000000000,180.000000000000000,0.000000000000000,-90.000000000000000
-17.718222912927175,718.417806197902109,566.500000000000000,180.000000000000000,0.000000000000000,-90.000000000000000
-18.701498668257326,718.235706072492690,566.500000000000000,180.000000000000000,0.000000000000000,-90.000000000000000
-19.682904289305181,718.043782458338683,566.500000000000000,180.000000000000000,0.000000000000000,-90.000000000000000
-20.662341636326470,717.842054547641851,566.500000000000000,180.000000000000000,0.000000000000000,-90.000000000000000
-21.639712766402688,717.630542513025034,566.500000000000000,180.000000000000000,0.000000000000000,-90.000000000000000
-22.614919943235261,717.409267505515345,566.500000000000000,180.000000000000000,0.000000000000000,-90.000000000000000
-23.587865646919255,717.178251652429367,566.500000000000000,180.000000000000000,0.000000000000000,-90.000000000000000
-24.558452583695132,716.937518055159671,566.500000000000000,180.000000000000000,0.000000000000000,-90.000000000000000
-25.526583695677818,716.687090786865383,566.500000000000000,180.000000000000000,0.000000000000000,-90.000000000000000
-26.492162170563066,716.426994890064861,566.500000000000000,180.000000000000000,0.000000000000000,-90.000000000000000
-27.455091451307982,716.157256374130839,566.500000000000000,180.000000000000000,0.000000000000000,-90.000000000000000
-28.415275245786940,715.877902212690060,566.500000000000000,180.000000000000000,0.000000000000000,-90.000000000000000
-29.372617536420638,715.588960340926178,566.500000000000000,180.000000000000000,0.000000000000000,-90.000000000000000
-30.327022589777787,715.290459652785330,566.500000000000000,180.000000000000000,0.000000000000000,-90.000000000000000
-31.278394966148397,714.982429998087696,566.500000000000000,180.000000000000000,0.000000000000000,-90.000000000000000
-32.226639529087635,714.664902179541969,566.500000000000000,180.000000000000000,0.000000000000000,-90.000000000000000
-33.171661454929406,714.337907949665464,566.500000000000000,180.000000000000000,0.000000000000000,-90.000000000000000
-34.113366242268647,714.001480007608620,566.500000000000000,180.000000000000000,0.000000000000000,-90.000000000000000
-35.051659721411369,713.655651995885364,566.500000000000000,180.000000000000000,0.000000000000000,-90.000000000000000
-35.986448063791578,713.300458497008663,566.500000000000000,180.000000000000000,0.000000000000000,-90.000000000000000
-36.917637791354011,712.935935030032397,566.500000000000000,180.000000000000000,0.000000000000000,-90.000000000000000
-37.845135785901860,712.562118046999331,566.500000000000000,180.000000000000000,0.000000000000000,-90.000000000000000
-38.768849298408668,712.179044929296538,566.500000000000000,180.000000000000000,0.000000000000000,-90.000000000000000
-39.688685958292993,711.786753983916469,566.500000000000000,180.000000000000000,0.000000000000000,-90.000000000000000
-40.604553782655159,711.385284439626616,566.500000000000000,180.000000000000000,0.000000000000000,-90.000000000000000
-41.516361185476114,710.974676443046974,566.500000000000000,180.000000000000000,0.000000000000000,-90.000000000000000
-42.424016986775371,710.554971054635075,566.500000000000000,180.000000000000000,0.000000000000000,-90.000000000000000
-43.327430421729183,710.126210244579852,566.500000000000000,180.000000000000000,0.000000000000000,-90.000000000000000
-44.226511149746898,709.688436888605111,566.500000000000000,180.000000000000000,0.000000000000000,-90.000000000000000
-45.121169263504946,709.241694763681721,566.500000000000000,180.000000000000000,0.000000000000000,-90.000000000000000
-46.011315297937486,708.786028543649763,566.500000000000000,180.000000000000000,0.000000000000000,-90.000000000000000
-46.896860239182871,708.321483794751430,566.500000000000000,180.000000000000000,0.000000000000000,-90.000000000000000
-47.777715533484930,707.848106971074799,566.500000000000000,180.000000000000000,0.000000000000000,-90.000000000000000
-48.653793096048261,707.365945409907454,566.500000000000000,180.000000000000000,0.000000000000000,-90.000000000000000
-49.525005319846684,706.875047327003813,566.500000000000000,180.000000000000000,0.000000000000000,-90.000000000000000
-50.391265084383832,706.375461811763216,566.500000000000000,180.000000000000000,0.000000000000000,-90.000000000000000
-51.252485764405122,705.867238822320701,566.500000000000000,180.000000000000000,0.000000000000000,-90.000000000000000
-52.108581238560184,705.350429180551714,566.500000000000000,180.000000000000000,0.000000000000000,-90.000000000000000
-52.959465898015111,704.825084566989858,566.500000000000000,180.000000000000000,0.000000000000000,-90.000000000000000
-53.805054655013052,704.291257515658572,566.500000000000000,180.000000000000000,0.000000000000000,-90.000000000000000
-54.645262951382776,703.749001408818231,566.500000000000000,180.000000000000000,0.000000000000000,-90.000000000000000
-55.480006766994983,703.198370471627641,566.500000000000000,180.000000000000000,0.000000000000000,-90.000000000000000
-56.309202628163661,702.639419766721517,566.500000000000000,180.000000000000000,0.000000000000000,-90.000000000000000
-57.132767615993707,702.072205188704856,566.500000000000000,180.000000000000000,0.000000000000000,-90.000000000000000
-57.950619374672627,701.496783458562504,566.500000000000000,180.000000000000000,0.000000000000000,-90.000000000000000
-58.762676119706114,700.913212117987996,566.500000000000000,180.000000000000000,0.000000000000000,-90.000000000000000
-59.568856646096357,700.321549523629187,566.500000000000000,180.000000000000000,0.000000000000000,-90.000000000000000
-60.369080336462545,699.721854841252480,566.500000000000000,180.000000000000000,0.000000000000000,-90.000000000000000
-61.163267169102490,699.114188039826217,566.500000000000000,180.000000000000000,0.000000000000000,-90.000000000000000
-61.951337725994748,698.498609885524388,566.500000000000000,180.000000000000000,0.000000000000000,-90.000000000000000
-62.733213200740344,697.875181935649152,566.500000000000000,180.000000000000000,0.000000000000000,-90.000000000000000
-63.508815406443361,697.243966532476179,566.500000000000000,180.000000000000000,0.000000000000000,-90.000000000000000
-64.278066783529582,696.605026797019718,566.500000000000000,180.000000000000000,0.000000000000000,-90.000000000000000
-65.040890407502303,695.958426622720935,566.500000000000000,180.000000000000000,0.000000000000000,-90.000000000000000
-65.797209996634862,695.304230669058256,566.500000000000000,180.000000000000000,0.000000000000000,-90.000000000000000
-66.546949919598646,694.642504355081996,566.500000000000000,180.000000000000000,0.000000000000000,-90.000000000000000
-67.290035203025994,693.973313852872138,566.500000000000000,180.000000000000000,0.000000000000000,-90.000000000000000
-68.026391539007903,693.296726080921189,566.500000000000000,180.000000000000000,0.000000000000000,-90.000000000000000
-68.755945292524387,692.612808697442574,566.500000000000000,180.000000000000000,0.000000000000000,-90.000000000000000
-69.478623508808042,691.921630093604676,566.500000000000000,180.000000000000000,0.000000000000000,-90.000000000000000
-70.194353920639500,691.223259386692007,566.500000000000000,180.000000000000000,0.000000000000000,-90.000000000000000
-70.903064955573967,690.517766413193044,566.500000000000000,180.000000000000000,0.000000000000000,-90.000000000000000
-71.604685743098599,689.805221721817475,566.500000000000000,180.000000000000000,0.000000000000000,-90.000000000000000
-72.299146121719275,689.085696566440447,566.500000000000000,180.000000000000000,0.000000000000000,-90.000000000000000
-72.986376645976875,688.359262898978045,566.500000000000000,180.000000000000000,0.000000000000000,-90.000000000000000
-73.666308593391648,687.625993362191707,566.500000000000000,180.000000000000000,0.000000000000000,-90.000000000000000
-74.338873971335474,686.885961282423864,566.500000000000000,180.000000000000000,0.000000000000000,-90.000000000000000
-75.004005523831026,686.139240662265934,566.500000000000000,180.000000000000000,0.000000000000000,-90.000000000000000
-75.661636738277323,685.385906173157537,566.500000000000000,180.000000000000000,0.000000000000000,-90.000000000000000
-76.311701852100953,684.626033147919998,566.500000000000000,180.000000000000000,0.000000000000000,-90.000000000000000
-76.954135859332240,683.859697573222434,566.500000000000000,180.000000000000000,0.000000000000000,-90.000000000000000
-77.588874517105836,683.086976081983835,566.500000000000000,180.000000000000000,0.000000000000000,-90.000000000000000
-78.215854352084904,682.307945945709434,566.500000000000000,180.000000000000000,0.000000000000000,-90.000000000000000
-78.835012666808410,681.522685066763415,566.500000000000000,180.000000000000000,0.000000000000000,-90.000000000000000
-79.446287545960885,680.731271970579542,566.500000000000000,180.000000000000000,0.000000000000000,-90.000000000000000
-80.049617862563764,679.933785797807786,566.500000000000000,180.000000000000000,0.000000000000000,-90.000000000000000
-80.644943284088200,679.130306296400931,566.500000000000000,180.000000000000000,0.000000000000000,-90.000000000000000
-81.232204278488112,678.320913813639550,566.500000000000000,180.000000000000000,0.000000000000000,-90.000000000000000
-81.811342120153455,677.505689288097415,566.500000000000000,180.000000000000000,0.000000000000000,-90.000000000000000
-82.382298895782682,676.684714241547681,566.500000000000000,180.000000000000000,0.000000000000000,-90.000000000000000
-82.945017510174011,675.858070770810968,566.500000000000000,180.000000000000000,0.000000000000000,-90.000000000000000
-83.499441691934948,675.025841539545354,566.500000000000000,180.000000000000000,0.000000000000000,-90.000000000000000
-84.045515999109327,674.188109769980542,566.500000000000000,180.000000000000000,0.000000000000000,-90.000000000000000
-84.583185824721497,673.344959234595308,566.500000000000000,180.000000000000000,0.000000000000000,-90.000000000000000
-85.112397402236951,672.496474247740593,566.500000000000000,180.000000000000000,0.000000000000000,-90.000000000000000
-85.633097810938935,671.642739657208040,566.500000000000000,180.000000000000000,0.000000000000000,-90.000000000000000
-86.145234981220511,670.783840835745195,566.500000000000000,180.000000000000000,0.000000000000000,-90.000000000000000
-86.648757699791418,669.919863672518545,566.500000000000000,180.000000000000000,0.000000000000000,-90.000000000000000
-87.143615614799415,669.050894564524356,566.500000000000000,180.000000000000000,0.000000000000000,-90.000000000000000
-87.629759240865368,668.177020407949385,566.500000000000000,180.000000000000000,0.000000000000000,-90.000000000000000
-88.107139964031788,667.298328589481002,566.500000000000000,180.000000000000000,0.000000000000000,-90.000000000000000
-88.575710046624181,666.414906977568762,566.500000000000000,180.000000000000000,0.000000000000000,-90.000000000000000
-89.035422632024762,665.526843913637776,566.500000000000000,180.000000000000000,0.000000000000000,-90.000000000000000
-89.486231749358083,664.634228203254224,566.500000000000000,180.000000000000000,0.000000000000000,-90.000000000000000
-89.928092318088076,663.737149107245500,566.500000000000000,180.000000000000000,0.000000000000000,-90.000000000000000
-90.360960152526076,662.835696332773637,566.500000000000000,180.000000000000000,0.000000000000000,-90.000000000000000
-90.784791966249387,661.929960024364618,566.500000000000000,180.000000000000000,0.000000000000000,-90.000000000000000
-91.199545376429825,661.020030754894833,566.500000000000000,180.000000000000000,0.000000000000000,-90.000000000000000
-91.605178908071977,660.105999516532734,566.500000000000000,180.000000000000000,0.000000000000000,-90.000000000000000
-92.001651998160725,659.187957711640593,566.500000000000000,180.000000000000000,0.000000000000000,-90.000000000000000
-92.388924999717446,658.265997143633740,566.500000000000000,180.000000000000000,0.000000000000000,-90.000000000000000
-92.766959185764719,657.340210007800806,566.500000000000000,180.000000000000000,0.000000000000000,-90.000000000000000
-93.135716753198949,656.410688882083718,566.500000000000000,180.000000000000000,0.000000000000000,-90.000000000000000
-93.495160826570697,655.477526717820638,566.500000000000000,180.000000000000000,0.000000000000000,-90.000000000000000
-93.845255461772169,654.540816830450353,566.500000000000000,180.000000000000000,0.000000000000000,-90.000000000000000
-94.185965649631584,653.600652890180868,566.500000000000000,180.000000000000000,0.000000000000000,-90.000000000000000
-94.517257319414085,652.657128912622852,566.500000000000000,180.000000000000000,0.000000000000000,-90.000000000000000
-94.839097342228769,651.710339249387744,566.500000000000000,180.000000000000000,0.000000000000000,-90.000000000000000
-95.151453534341528,650.760378578652876,566.500000000000000,180.000000000000000,0.000000000000000,-90.000000000000000
-95.454294660393487,649.807341895693639,566.500000000000000,180.000000000000000,0.000000000000000,-90.000000000000000
-95.747590436524391,648.851324503384262,566.500000000000000,180.000000000000000,0.000000000000000,-90.000000000000000
-96.031311533401038,647.892422002667331,566.500000000000000,180.000000000000000,0.000000000000000,-90.000000000000000
-96.305429579150157,646.930730282993636,566.500000000000000,180.000000000000000,0.000000000000000,-90.000000000000000
-96.569917162195637,645.966345512733824,566.500000000000000,180.000000000000000,0.000000000000000,-90.000000000000000
-96.824747833999552,644.999364129561400,566.500000000000000,180.000000000000000,0.000000000000000,-90.000000000000000
-97.069896111707095,644.029882830808674,566.500000000000000,180.000000000000000,0.000000000000000,-90.000000000000000
-97.305337480694774,643.057998563797696,566.500000000000000,180.000000000000000,0.000000000000000,-90.000000000000000
-97.531048397021905,642.083808516145268,566.500000000000000,180.000000000000000,0.000000000000000,-90.000000000000000
-97.747006289784935,641.107410106044313,566.500000000000000,180.000000000000000,0.000000000000000,-90.000000000000000
-97.953189563374551,640.128900972522274,566.500000000000000,180.000000000000000,0.000000000000000,-90.000000000000000
-98.149577599635222,639.148378965677011,566.500000000000000,180.000000000000000,0.000000000000000,-90.000000000000000
-98.336150759926980,638.165942136892113,566.500000000000000,180.000000000000000,0.000000000000000,-90.000000000000000
-98.512890387089257,637.181688729031748,566.500000000000000,180.000000000000000,0.000000000000000,-90.000000000000000
-98.679778807306633,636.195717166616532,566.500000000000000,180.000000000000000,0.000000000000000,-90.000000000000000
-98.836799331876151,635.208126045980976,566.500000000000000,180.000000000000000,0.000000000000000,-90.000000000000000
-98.983936258876227,634.219014125414219,566.500000000000000,180.000000000000000,0.000000000000000,-90.000000000000000
-99.121174874736738,633.228480315284060,566.500000000000000,180.000000000000000,0.000000000000000,-90.000000000000000
-99.248501455710482,632.236623668146080,566.500000000000000,180.000000000000000,0.000000000000000,-90.000000000000000
-99.365903269245464,631.243543368838459,566.500000000000000,180.000000000000000,0.000000000000000,-90.000000000000000
-99.473368575258192,630.249338724563472,566.500000000000000,180.000000000000000,0.000000000000000,-90.000000000000000
-99.570886627307559,629.254109154957291,566.500000000000000,180.000000000000000,0.000000000000000,-90.000000000000000
-99.658447673669684,628.257954182147273,566.500000000000000,180.000000000000000,0.000000000000000,-90.000000000000000
-99.736042958312851,627.260973420800610,566.500000000000000,180.000000000000000,0.000000000000000,-90.000000000000000
-99.803664721773302,626.263266568162635,566.500000000000000,180.000000000000000,0.000000000000000,-90.000000000000000
-99.861306201931015,625.264933394087279,566.500000000000000,180.000000000000000,0.000000000000000,-90.000000000000000
-99.908961634686008,624.266073731059805,566.500000000000000,180.000000000000000,0.000000000000000,-90.000000000000000
-99.946626254534735,623.266787464214303,566.500000000000000,180.000000000000000,0.000000000000000,-90.000000000000000
-99.974296295046585,622.267174521344828,566.500000000000000,180.000000000000000,0.000000000000000,-90.000000000000000
-99.991968989240561,621.267334862912435,566.500000000000000,180.000000000000000,0.000000000000000,-90.000000000000000
-99.999642569861990,620.267368472049839,566.500000000000000,180.000000000000000,0.000000000000000,-90.000000000000000
-99.997316269559192,619.267375344562993,566.500000000000000,180.000000000000000,0.000000000000000,-90.000000000000000
-99.984990320960236,618.267455478930970,566.500000000000000,180.000000000000000,0.000000000000000,-90.000000000000000
-99.962665956649772,617.267708866307430,566.500000000000000,180.000000000000000,0.000000000000000,-90.000000000000000
-99.930345409045557,616.268235480520275,566.500000000000000,180.000000000000000,0.000000000000000,-90.000000000000000
-99.888031910175457,615.269135268075274,566.500000000000000,180.000000000000000,0.000000000000000,-90.000000000000000
-99.835729691354103,614.270508138161176,566.500000000000000,180.000000000000000,0.000000000000000,-90.000000000000000
-99.773443982759773,613.272453952658680,566.500000000000000,180.000000000000000,0.000000000000000,-90.000000000000000
-99.701181012911434,612.275072516154637,566.500000000000000,180.000000000000000,0.000000000000000,-90.000000000000000
-99.618948008045834,611.278463565961601,566.500000000000000,180.000000000000000,0.000000000000000,-90.000000000000000
-99.526753191394960,610.282726762143966,566.500000000000000,180.000000000000000,0.000000000000000,-90.000000000000000
-99.424605782363614,609.287961677552403,566.500000000000000,180.000000000000000,0.000000000000000,-90.000000000000000
-99.312515995607612,608.294267787866374,566.500000000000000,180.000000000000000,0.000000000000000,-90.000000000000000
-99.190495040012195,607.301744461646877,566.500000000000000,180.000000000000000,0.000000000000000,-90.000000000000000
-99.058555117571260,606.310490950399299,566.500000000000000,180.000000000000000,0.000000000000000,-90.000000000000000
-98.916709422167088,605.320606378648904,566.500000000000000,180.000000000000000,0.000000000000000,-90.000000000000000
-98.764972138251011,604.332189734027793,566.500000000000000,180.000000000000000,0.000000000000000,-90.000000000000000
-98.603358439424980,603.345339857376871,566.500000000000000,180.000000000000000,0.000000000000000,-90.000000000000000
-98.431884486924204,602.360155432861347,566.500000000000000,180.000000000000000,0.000000000000000,-90.000000000000000
-98.250567428001034,601.376734978102718,566.500000000000000,180.000000000000000,0.000000000000000,-90.000000000000000
-98.059425394210265,600.395176834326890,566.500000000000000,180.000000000000000,0.000000000000000,-90.000000000000000
-97.858477499595992,599.415579156530384,566.500000000000000,180.000000000000000,0.000000000000000,-90.000000000000000
-97.647743838780229,598.438039903664617,566.500000000000000,180.000000000000000,0.000000000000000,-90.000000000000000
-97.427245484953445,597.462656828840295,566.500000000000000,180.000000000000000,0.000000000000000,-90.000000000000000
-97.197004487767273,596.489527469551945,566.500000000000000,180.000000000000000,0.000000000000000,-90.000000000000000
-96.957043871129528,595.518749137924715,566.500000000000000,180.000000000000000,0.000000000000000,-90.000000000000000
-96.707387630901962,594.550418910982671,566.500000000000000,180.000000000000000,0.000000000000000,-90.000000000000000
-96.448060732500522,593.584633620941531,566.500000000000000,180.000000000000000,0.000000000000000,-90.000000000000000
-96.179089108398927,592.621489845525616,566.500000000000000,180.000000000000000,0.000000000000000,-90.000000000000000
-95.900499655535498,591.661083898309812,566.500000000000000,180.000000000000000,0.000000000000000,-90.000000000000000
-95.612320232623333,590.703511819088476,566.500000000000000,180.000000000000000,0.000000000000000,-90.000000000000000
-95.314579657364561,589.748869364271627,566.500000000000000,180.000000000000000,0.000000000000000,-90.000000000000000
-95.007307703568614,588.797251997309104,566.500000000000000,180.000000000000000,0.000000000000000,-90.000000000000000
-94.690535098174806,587.848754879144622,566.500000000000000,180.000000000000000,0.000000000000000,-90.000000000000000
-94.364293518179693,586.903472858699729,566.500000000000000,180.000000000000000,0.000000000000000,-90.000000000000000
-94.028615587469432,585.961500463388461,566.500000000000000,180.000000000000000,0.000000000000000,-90.000000000000000
-93.683534873557335,585.022931889665642,566.500000000000000,180.000000000000000,0.000000000000000,-90.000000000000000
-93.329085884227226,584.087860993606341,566.500000000000000,180.000000000000000,0.000000000000000,-90.000000000000000
-92.965304064082687,583.156381281521021,566.500000000000000,180.000000000000000,0.000000000000000,-90.000000000000000
-92.592225791002591,582.228585900604799,566.500000000000000,180.000000000000000,0.000000000000000,-90.000000000000000
-92.209888372503315,581.304567629622284,566.500000000000000,180.000000000000000,0.000000000000000,-90.000000000000000
-91.818330042008085,580.384418869630622,566.500000000000000,180.000000000000000,0.000000000000000,-90.000000000000000
-91.417589955023686,579.468231634739254,566.500000000000000,180.000000000000000,0.000000000000000,-90.000000000000000
-91.007708185224871,578.556097542907992,566.500000000000000,180.000000000000000,0.000000000000000,-90.000000000000000
-90.588725720446945,577.648107806785902,566.500000000000000,180.000000000000000,0.000000000000000,-90.000000000000000
-90.160684458587411,576.744353224589986,566.500000000000000,180.000000000000000,0.000000000000000,-90.000000000000000
-89.723627203415717,575.844924171025582,566.500000000000000,180.000000000000000,0.000000000000000,-90.000000000000000
-89.277597660293083,574.949910588248258,566.500000000000000,180.000000000000000,0.000000000000000,-90.000000000000000
-88.822640431802171,574.059401976870390,566.500000000000000,180.000000000000000,0.000000000000000,-90.000000000000000
-88.358801013286694,573.173487387011164,566.500000000000000,180.000000000000000,0.000000000000000,-90.000000000000000
-87.886125788301982,572.292255409391259,566.500000000000000,180.000000000000000,0.000000000000000,-90.000000000000000
-87.404662023976641,571.415794166474029,566.500000000000000,180.000000000000000,0.000000000000000,-90.000000000000000
-86.914457866285872,570.544191303653520,566.500000000000000,180.000000000000000,0.000000000000000,-90.000000000000000
-86.415562335236956,569.677533980489670,566.500000000000000,180.000000000000000,0.000000000000000,-90.000000000000000
-85.908025319967251,568.815908861992398,566.500000000000000,180.000000000000000,0.000000000000000,-90.000000000000000
-85.391897573755330,567.959402109955704,566.500000000000000,180.000000000000000,0.000000000000000,-90.000000000000000
-84.867230708945712,567.108099374341009,566.500000000000000,180.000000000000000,0.000000000000000,-90.000000000000000
-84.334077191787657,566.262085784712440,566.500000000000000,180.000000000000000,0.000000000000000,-90.000000000000000
-83.792490337188582,565.421445941723960,566.500000000000000,180.000000000000000,0.000000000000000,-90.000000000000000
-83.242524303382652,564.586263908659362,566.500000000000000,180.000000000000000,0.000000000000000,-90.000000000000000
-82.684234086514905,563.756623203025924,566.500000000000000,180.000000000000000,0.000000000000000,-90.000000000000000
-82.117675515141826,562.932606788202747,566.500000000000000,180.000000000000000,0.000000000000000,-90.000000000000000
-81.542905244648381,562.114297065144910,566.500000000000000,180.000000000000000,0.000000000000000,-90.000000000000000
-80.959980751582677,561.301775864142542,566.500000000000000,180.000000000000000,0.000000000000000,-90.000000000000000
-80.368960327908241,560.495124436638662,566.500000000000000,180.000000000000000,0.000000000000000,-90.000000000000000
-79.769903075174938,559.694423447103986,566.500000000000000,180.000000000000000,0.000000000000000,-90.000000000000000
-79.162868898608792,558.899752964970162,566.500000000000000,180.000000000000000,0.000000000000000,-90.000000000000000
-78.547918501121643,558.111192456623030,566.500000000000000,180.000000000000000,0.000000000000000,-90.000000000000000
-77.925113377240763,557.328820777456485,566.500000000000000,180.000000000000000,0.000000000000000,-90.000000000000000
-77.294515806959524,556.552716163986361,566.500000000000000,180.000000000000000,0.000000000000000,-90.000000000000000
-76.656188849509491,555.782956226027181,566.500000000000000,180.000000000000000,0.000000000000000,-90.000000000000000
-76.010196337054509,555.019617938931560,566.500000000000000,180.000000000000000,0.000000000000000,-90.000000000000000
-75.356602868307377,554.262777635891780,566.500000000000000,180.000000000000000,0.000000000000000,-90.000000000000000
-74.695473802070381,553.512511000307541,566.500000000000000,180.000000000000000,0.000000000000000,-90.000000000000000
-74.026875250699192,552.768893058217373,566.500000000000000,180.000000000000000,0.000000000000000,-90.000000000000000
-73.350874073491795,552.031998170795532,566.500000000000000,180.000000000000000,0.000000000000000,-90.000000000000000
-72.667537870002462,551.301900026916655,566.500000000000000,180.000000000000000,0.000000000000000,-90.000000000000000
-71.976934973282326,550.578671635787032,566.500000000000000,180.000000000000000,0.000000000000000,-90.000000000000000
-71.279134443045507,549.862385319642954,566.500000000000000,180.000000000000000,0.000000000000000,-90.000000000000000
-70.574206058763394,549.153112706518982,566.500000000000000,180.000000000000000,0.000000000000000,-90.000000000000000
-69.862220312687057,548.450924723085564,566.500000000000000,180.000000000000000,0.000000000000000,-90.000000000000000
-69.143248402797781,547.755891587555652,566.500000000000000,180.000000000000000,0.000000000000000,-90.000000000000000
-68.417362225687398,547.068082802663980,566.500000000000000,180.000000000000000,0.000000000000000,-90.000000000000000
-67.684634369368723,546.387567148715448,566.500000000000000,180.000000000000000,0.000000000000000,-90.000000000000000
-66.945138106016799,545.714412676708662,566.500000000000000,180.000000000000000,0.000000000000000,-90.000000000000000
-66.198947384641698,545.048686701529732,566.500000000000000,180.000000000000000,0.000000000000000,-90.000000000000000
-65.446136823693749,544.390455795221442,566.500000000000000,180.000000000000000,0.000000000000000,-90.000000000000000
-64.686781703601682,543.739785780325860,566.500000000000000,180.000000000000000,0.000000000000000,-90.000000000000000
-63.920957959244731,543.096741723302330,566.500000000000000,180.000000000000000,0.000000000000000,-90.000000000000000
-63.148742172359150,542.461387928020599,566.500000000000000,180.000000000000000,0.000000000000000,-90.000000000000000
-62.370211563880105,541.833787929330811,566.500000000000000,180.000000000000000,0.000000000000000,-90.000000000000000
-61.585443986219680,541.214004486709655,566.500000000000000,180.000000000000000,0.000000000000000,-90.000000000000000
-60.794517915481670,540.602099577985200,566.500000000000000,180.000000000000000,0.000000000000000,-90.000000000000000
-59.997512443614042,539.998134393138230,566.500000000000000,180.000000000000000,0.000000000000000,-90.000000000000000
-59.194507270499805,539.402169328183845,566.500000000000000,180.000000000000000,0.000000000000000,-90.000000000000000
-58.385582695987125,538.814263979132079,566.500000000000000,180.000000000000000,0.000000000000000,-90.000000000000000
-57.570819611859328,538.234477136027863,566.500000000000000,180.000000000000000,0.000000000000000,-90.000000000000000
-56.750299493745871,537.662866777072281,566.500000000000000,180.000000000000000,0.000000000000000,-90.000000000000000
-55.924104392974805,537.099490062824998,566.500000000000000,180.000000000000000,0.000000000000000,-90.000000000000000
-55.092316928367701,536.544403330487853,566.500000000000000,180.000000000000000,0.000000000000000,-90.000000000000000
-54.255020277977792,535.997662088271454,566.500000000000000,180.000000000000000,0.000000000000000,-90.000000000000000
-53.412298170772544,535.459321009844643,566.500000000000000,180.000000000000000,0.000000000000000,-90.000000000000000
-52.564234878260308,534.929433928866501,566.500000000000000,180.000000000000000,0.000000000000000,-90.000000000000000
-51.710915206063632,534.408053833603617,566.500000000000000,180.000000000000000,0.000000000000000,-90.000000000000000
-50.852424485438640,533.895232861630916,566.500000000000000,180.000000000000000,0.000000000000000,-90.000000000000000
-49.988848564741978,533.391022294618324,566.500000000000000,180.000000000000000,0.000000000000000,-90.000000000000000
-49.120273800846078,532.895472553202353,566.500000000000000,180.000000000000000,0.000000000000000,-90.000000000000000
-48.246787050503528,532.408633191944318,566.500000000000000,180.000000000000000,0.000000000000000,-90.000000000000000
-47.368475661661449,531.930552894374387,566.500000000000000,180.000000000000000,0.000000000000000,-90.000000000000000
-46.485427464726797,531.461279468124076,566.500000000000000,180.000000000000000,0.000000000000000,-90.000000000000000
-45.597730763783481,531.000859840145040,566.500000000000000,180.000000000000000,0.000000000000000,-90.000000000000000
-44.705474327761699,530.549340052016191,566.500000000000000,180.000000000000000,0.000000000000000,-90.000000000000000
-43.808747381561567,530.106765255340179,566.500000000000000,180.000000000000000,0.000000000000000,-90.000000000000000
-42.907639597130455,529.673179707227746,566.500000000000000,180.000000000000000,0.000000000000000,-90.000000000000000
-42.002241084495878,529.248626765872586,566.500000000000000,180.000000000000000,0.000000000000000,-90.000000000000000
-41.092642382754605,528.833148886214985,566.500000000000000,180.000000000000000,0.000000000000000,-90.000000000000000
-40.178934451018804,528.426787615696639,566.500000000000000,180.000000000000000,0.000000000000000,-90.000000000000000
-39.261208659320239,528.029583590105858,566.500000000000000,180.000000000000000,0.000000000000000,-90.000000000000000
-38.339557368201092,527.641576773905399,566.500000000000000,180.000000000000000,0.000000000000000,-90.000000000000000
-37.414234111904811,527.262871050373860,566.500000000000000,180.000000000000000,0.000000000000000,-90.000000000000000
-36.485874790042473,526.893711593655780,566.500000000000000,180.000000000000000,0.000000000000000,-90.000000000000000
-35.555178619751295,526.534341743517416,566.500000000000000,180.000000000000000,0.000000000000000,-90.000000000000000
-34.622853705667623,526.184979873817952,566.500000000000000,180.000000000000000,0.000000000000000,-90.000000000000000
-33.689616395433511,525.845819279606417,566.500000000000000,180.000000000000000,0.000000000000000,-90.000000000000000
-32.756190623720173,525.517028117112545,566.500000000000000,180.000000000000000,0.000000000000000,-90.000000000000000
-31.823307247718844,525.198749397398274,566.500000000000000,180.000000000000000,0.000000000000000,-90.000000000000000
-30.891703377046259,524.891101034316534,566.500000000000000,180.000000000000000,0.000000000000000,-90.000000000000000
-29.962121701005724,524.594175947303256,566.500000000000000,180.000000000000000,0.000000000000000,-90.000000000000000
-29.035309816124350,524.308042219412869,566.500000000000000,180.000000000000000,0.000000000000000,-90.000000000000000
-28.112019556850637,524.032743310881074,566.500000000000000,180.000000000000000,0.000000000000000,-90.000000000000000
-27.193006332261042,523.768298328390756,566.500000000000000,180.000000000000000,0.000000000000000,-90.000000000000000
-26.279028471561183,523.514702350094467,566.500000000000000,180.000000000000000,0.000000000000000,-90.000000000000000
-25.370846581109380,523.271926806341185,566.500000000000000,180.000000000000000,0.000000000000000,-90.000000000000000
-24.469222915610700,523.039919915946030,566.500000000000000,180.000000000000000,0.000000000000000,-90.000000000000000
-23.574920766040602,522.818607177737476,566.500000000000000,180.000000000000000,0.000000000000000,-90.000000000000000
-22.688703866763806,522.607891917022926,566.500000000000000,180.000000000000000,0.000000000000000,-90.000000000000000
-21.811335824201613,522.407655886519933,566.500000000000000,180.000000000000000,0.000000000000000,-90.000000000000000
-20.943579569284807,522.217759921215588,566.500000000000000,180.000000000000000,0.000000000000000,-90.000000000000000
-20.086196835798020,522.038044646538538,566.500000000000000,180.000000000000000,0.000000000000000,-90.000000000000000
-19.239947666586421,521.868331239161080,566.500000000000000,180.000000000000000,0.000000000000000,-90.000000000000000
-18.405589949443723,521.708422239680544,566.500000000000000,180.000000000000000,0.000000000000000,-90.000000000000000
-17.583878984347002,521.558102416380507,566.500000000000000,180.000000000000000,0.000000000000000,-90.000000000000000
-16.775567083533765,521.417139679222828,566.500000000000000,180.000000000000000,0.000000000000000,-90.000000000000000
-15.981403205747108,521.285286043187398,566.500000000000000,180.000000000000000,0.000000000000000,-90.000000000000000
-15.202132625787987,521.162278640045770,566.500000000000000,180.000000000000000,0.000000000000000,-90.000000000000000
-14.438496640324578,521.047840777639749,566.500000000000000,180.000000000000000,0.000000000000000,-90.000000000000000
-13.691232310711115,520.941683045722357,566.500000000000000,180.000000000000000,0.000000000000000,-90.000000000000000
-12.961072243360828,520.843504467420871,566.500000000000000,180.000000000000000,0.000000000000000,-90.000000000000000
-12.248744408009360,520.752993695390160,566.500000000000000,180.000000000000000,0.000000000000000,-90.000000000000000
-11.554971993979333,520.669830251738972,566.500000000000000,180.000000000000000,0.000000000000000,-90.000000000000000
-10.880473304339343,520.593685810842203,566.500000000000000,180.000000000000000,0.000000000000000,-90.000000000000000
-10.225961687609479,520.524225524183294,566.500000000000000,180.000000000000000,0.000000000000000,-90.000000000000000
-9.592145506436802,520.461109386414478,566.500000000000000,180.000000000000000,0.000000000000000,-90.000000000000000
-8.979728142411711,520.403993641871466,566.500000000000000,180.000000000000000,0.000000000000000,-90.000000000000000
-8.389408035954226,520.352532230837596,566.500000000000000,180.000000000000000,0.000000000000000,-90.000000000000000
-7.821878759938153,520.306378274912504,566.500000000000000,180.000000000000000,0.000000000000000,-90.000000000000000
-7.277829125464165,520.265185600911991,566.500000000000000,180.000000000000000,0.000000000000000,-90.000000000000000
-6.757943317924106,520.228610302794095,566.500000000000000,180.000000000000000,0.000000000000000,-90.000000000000000
-6.262841776624950,520.196308620968466,566.500000000000000,180.000000000000000,0.000000000000000,-90.000000000000000
-5.792415871748108,520.167901362494035,566.500000000000000,180.000000000000000,0.000000000000000,-90.000000000000000
-5.346067107314953,520.143004418898727,566.500000000000000,180.000000000000000,0.000000000000000,-90.000000000000000
-4.923183324156928,520.121262192813333,566.500000000000000,180.000000000000000,0.000000000000000,-90.000000000000000
-4.523148188767613,520.102346721945196,566.500000000000000,180.000000000000000,0.000000000000000,-90.000000000000000
-4.145341728062686,520.085956232581680,566.500000000000000,180.000000000000000,0.000000000000000,-90.000000000000000
-3.789140808001703,520.071813726370806,566.500000000000000,180.000000000000000,0.000000000000000,-90.000000000000000
-3.453919560573691,520.059665601574579,566.500000000000000,180.000000000000000,0.000000000000000,-90.000000000000000
-3.139049763413050,520.049280309830579,566.500000000000000,180.000000000000000,0.000000000000000,-90.000000000000000
-2.843901176076092,520.040447049315389,566.500000000000000,180.000000000000000,0.000000000000000,-90.000000000000000
-2.567841836782488,520.032974495080225,566.500000000000000,180.000000000000000,0.000000000000000,-90.000000000000000
-2.310238323200452,520.026689567214930,566.500000000000000,180.000000000000000,0.000000000000000,-90.000000000000000
-2.070455980637661,520.021436237400167,566.500000000000000,180.000000000000000,0.000000000000000,-90.000000000000000
-1.847859120783847,520.017074374322647,566.500000000000000,180.000000000000000,0.000000000000000,-90.000000000000000
-1.641811193947956,520.013478628349958,566.500000000000000,180.000000000000000,0.000000000000000,-90.000000000000000
-1.451674937529916,520.010537355800579,566.500000000000000,180.000000000000000,0.000000000000000,-90.000000000000000
-1.276812503272606,520.008151583084100,566.500000000000000,180.000000000000000,0.000000000000000,-90.000000000000000
-1.116585565653726,520.006234010941625,566.500000000000000,180.000000000000000,0.000000000000000,-90.000000000000000
-0.970355413594658,520.004708058972597,566.500000000000000,180.000000000000000,0.000000000000000,-90.000000000000000
-0.837483027491499,520.003506950600240,566.500000000000000,180.000000000000000,0.000000000000000,-90.000000000000000
-0.717329143403677,520.002572838597416,566.500000000000000,180.000000000000000,0.000000000000000,-90.000000000000000
-0.609254306079757,520.001855971270516,566.500000000000000,180.000000000000000,0.000000000000000,-90.000000000000000
-0.512618912343043,520.001313899378147,566.500000000000000,180.000000000000000,0.000000000000000,-90.000000000000000
-0.426783246216452,520.000910723843390,566.500000000000000,180.000000000000000,0.000000000000000,-90.000000000000000
-0.351107507029980,520.000616384307136,566.500000000000000,180.000000000000000,0.000000000000000,-90.000000000000000
-0.284951831615265,520.000405988555826,566.500000000000000,180.000000000000000,0.000000000000000,-90.000000000000000
-0.227676311580053,520.000259182850186,566.500000000000000,180.000000000000000,0.000000000000000,-90.000000000000000
-0.178641006526521,520.000159563173384,566.500000000000000,180.000000000000000,0.000000000000000,-90.000000000000000
-0.137205953976339,520.000094127413377,566.500000000000000,180.000000000000000,0.000000000000000,-90.000000000000000
-0.102731176662400,520.000052768487194,566.500000000000000,180.000000000000000,0.000000000000000,-90.000000000000000
-0.074576687748114,520.000027808415666,566.500000000000000,180.000000000000000,0.000000000000000,-90.000000000000000
-0.052102494454585,520.000013573350543,566.500000000000000,180.000000000000000,0.000000000000000,-90.000000000000000
-0.034668600490498,520.000006009559456,566.500000000000000,180.000000000000000,0.000000000000000,-90.000000000000000
-0.021635007611563,520.000002340367814,566.500000000000000,180.000000000000000,0.000000000000000,-90.000000000000000
-0.012361716566360,520.000000764060132,566.500000000000000,180.000000000000000,0.000000000000000,-90.000000000000000
-0.006208727633649,520.000000192741481,566.500000000000000,180.000000000000000,0.000000000000000,-90.000000000000000
-0.002536040899345,520.000000032157459,566.500000000000000,180.000000000000000,0.000000000000000,-90.000000000000000
-0.000703656383846,520.000000002475645,566.500000000000000,180.000000000000000,0.000000000000000,-90.000000000000000
-0.000071574090235,520.000000000025580,566.500000000000000,180.000000000000000,0.000000000000000,-90.000000000000000
-0.000000000000024,520.000000000000000,566.500000000000000,180.000000000000000,0.000000000000000,-90.000000000000000
