15 0.273600 0.477935 0.126958 0.397044 0.155772 0.231952 0.302415 0.312843
15 0.454885 0.076898 0.435227 0.353120 0.330140 0.329484 0.349798 0.053262
15 0.507102 0.304509 0.498633 0.042893 0.606756 0.031830 0.615225 0.293446
15 0.795660 0.246658 0.640470 0.317011 0.611513 0.115138 0.766704 0.044785
15 0.254132 0.792916 0.102098 0.721039 0.135047 0.500772 0.287081 0.572649
15 0.596165 0.508676 0.476784 0.652250 0.408067 0.471666 0.527448 0.328092
15 0.713352 0.598954 0.651074 0.358255 0.759144 0.269880 0.821423 0.510579
15 0.395190 0.819500 0.310227 0.619787 0.385421 0.518686 0.470384 0.718398
15 0.672460 0.821745 0.528032 0.805568 0.534550 0.621666 0.678977 0.637843
15 0.848013 0.726751 0.765633 0.936179 0.670879 0.818379 0.753259 0.608951
16 0.339680 1.040330 0.218821 0.932287 0.274524 0.735355 0.395384 0.843398
