15 0.589726 0.057288 0.548509 0.312138 0.436431 0.254850 0.477649 0.000000
15 0.763882 0.232111 0.691477 0.476732 0.601017 0.392109 0.673421 0.147488
15 0.902415 0.522565 0.747571 0.476727 0.767001 0.269290 0.921844 0.315128
15 0.270016 0.398778 0.228482 0.110019 0.331975 0.062973 0.373509 0.351732
15 0.546165 0.593398 0.413061 0.488385 0.463644 0.285753 0.596748 0.390767
15 0.721946 0.629509 0.660722 0.859333 0.553098 0.768719 0.614323 0.538896
15 0.221604 0.640825 0.056793 0.669994 0.045726 0.472360 0.210536 0.443191
15 0.295692 0.688278 0.243040 0.461454 0.341344 0.389335 0.393995 0.616159
15 0.433665 0.880898 0.371047 0.643114 0.465002 0.564916 0.527620 0.802701
16 0.369397 0.783853 0.291025 0.998087 0.182307 0.872388 0.260680 0.658154
