16 0.677762 0.589659 0.535713 0.503993 0.578630 0.279082 0.720679 0.364748
15 0.849895 0.633213 0.784446 0.873954 0.662286 0.768990 0.727735 0.528249
15 0.566301 0.260991 0.502511 0.495631 0.411009 0.417009 0.474799 0.182369
15 0.335833 0.261045 0.272727 0.048954 0.376285 -0.048428 0.439390 0.163663
15 0.191281 0.533362 0.115696 0.279327 0.227611 0.174086 0.303196 0.428120
15 0.080709 0.814326 0.057611 0.537846 0.189473 0.503029 0.212571 0.779509
15 0.230634 0.775870 0.209063 0.499000 0.341111 0.466485 0.362682 0.743355
15 0.643059 0.240591 0.574290 0.100343 0.646025 -0.010826 0.714794 0.129423
15 0.690852 0.646696 0.634614 0.913441 0.533665 0.846176 0.589903 0.579431
15 0.475301 0.475014 0.472600 0.742074 0.383665 0.739232 0.386365 0.472172
