15 0.204252 0.373771 0.118250 0.122193 0.227351 0.004320 0.313352 0.255898
15 0.443793 0.288177 0.354431 0.140525 0.427896 0.000000 0.517259 0.147653
16 0.679759 0.636454 0.557238 0.502604 0.621498 0.316698 0.744019 0.450548
15 0.600037 0.286787 0.530540 0.487843 0.447313 0.396920 0.516811 0.195864
15 0.679422 0.293566 0.577894 0.182650 0.636043 0.014427 0.737571 0.125343
15 0.819602 0.879509 0.674795 0.829698 0.701971 0.580004 0.846779 0.629815
15 0.675639 0.635086 0.646406 0.903685 0.543821 0.868398 0.573055 0.599799
15 0.524290 0.698954 0.364998 0.728582 0.355157 0.561354 0.514448 0.531726
15 0.145947 0.716761 0.048736 0.481569 0.168029 0.325735 0.265239 0.560927
15 0.405126 0.781693 0.255296 0.900989 0.194787 0.660803 0.344617 0.541507
15 0.408098 0.305218 0.396165 0.572565 0.261355 0.553547 0.273289 0.286200
